chr	start	end	transcript_id	strand	number_of_exons	coordinates	length1	total_length	bin	gene_id
chrY	670343	682266	uc009uyu.1_cds	-	9	0,285,494,1145,1456,9248,10814,11112,11740,	133,101,102,192,93,89,193,75,183	1161	58	Uba1y
chrY	725417	759910	uc009uyv.2_cds	-	7	0,2091,4196,7510,9601,13174,34432,	1178,141,123,141,150,552,61	2346	117	Zfy1
chrY	820820	843519	uc009uyw.1_cds	+	25	0,231,371,629,1325,1638,2323,4627,4821,5078,5357,5550,5941,7945,8320,10438,10754,11503,11683,13354,21147,21359,22103,22313,22566,	117,56,169,135,107,91,133,98,147,177,105,81,156,166,197,65,196,75,193,89,93,192,102,101,133	3174	159	Uba1y
chrY	820820	843519	uc009uyx.1_cds	+	25	0,231,371,629,1325,1638,2323,4627,4821,5078,5357,5550,5941,7945,8320,10438,10754,11503,11683,13354,21147,21359,22103,22313,22566,	117,56,169,135,107,91,133,98,147,177,105,81,156,166,197,65,196,75,193,89,93,192,102,101,133	3174	159	Uba1y
chrY	897965	943162	uc009uzb.1_cds	+	26	0,584,1462,1821,2513,12482,12720,16059,18675,18880,23436,23708,29041,29279,29744,30004,30271,38910,39847,41853,42633,42939,43261,44265,44476,44858,	150,78,123,171,135,139,164,159,120,159,182,163,120,195,182,125,148,97,359,139,180,138,597,82,200,339	4644	232	Kdm5d
chrY	897965	921851	uc009uyz.1_cds	+	12	0,584,1462,1821,2513,12482,12720,16059,18675,18880,23436,23708,	150,78,123,171,135,139,164,159,120,159,182,178	1758	88	Kdm5d
chrY	897965	917034	uc009uyy.1_cds	+	10	0,584,1462,1821,2513,12482,12720,16059,18675,18880,	150,78,123,171,135,139,164,159,120,189	1428	71	Kdm5d
chrY	1010616	1028248	uc009uzd.2_cds	+	12	0,643,1223,1431,2762,4017,5440,5973,6747,9369,12685,17571,	69,64,128,122,95,159,135,95,145,170,173,61	1416	71	Eif2s3y
chrY	1098549	1245630	uc009uzh.1_cds	-	25	0,1032,4215,31320,32486,36322,38298,39108,39257,53398,54219,55605,59357,69540,71415,72354,76178,77941,88224,90786,98656,100905,146606,146857,147050,	24,171,127,142,188,115,149,75,65,206,106,130,728,96,220,99,127,94,35,55,121,59,64,106,31	3333	167	Uty
chrY	1098549	1245552	uc009uzf.1_cds	-	27	0,1032,4215,31320,32486,36322,38298,39108,39257,53398,54219,55605,59357,69540,70573,71415,72354,76178,77941,88224,90786,98656,100905,125947,141161,146606,146857,	24,171,127,142,188,115,149,75,65,206,106,130,728,96,135,220,99,127,94,35,55,121,59,50,109,64,146	3636	182	Uty
chrY	1098549	1245495	uc009uzg.1_cds	-	27	0,1032,4215,31320,32486,36322,38298,39108,39257,53398,54219,55605,59357,69540,70573,71415,72354,76178,77941,88224,90786,98656,100905,125947,141161,146606,146857,	24,171,127,142,188,115,149,75,65,206,106,130,728,96,135,220,99,127,94,35,55,121,59,50,109,61,89	3576	179	Uty
chrY	1157911	1245630	uc009uzj.1_cds	-	15	0,10178,12053,12992,16816,18579,28862,31424,39294,41543,66585,81799,87244,87495,87688,	723,96,220,99,127,94,35,55,121,59,50,109,64,106,31	1989	99	Uty
chrY	1173794	1245495	uc012hrt.1_cds	-	9	0,933,2696,12979,15541,50702,65916,71361,71612,	34,127,94,35,55,50,109,64,89	657	33	Uty
chrY	1263049	1263838	uc033jvp.1_cds	-	3	0,520,746,	318,131,43	492	25	Ddx3y
chrY	1263290	1269825	uc009uzn.2_cds	-	11	0,279,505,1550,1737,2284,2538,3068,3304,3812,6414,	77,131,154,118,182,145,145,161,99,86,121	1419	71	Ddx3y
chrY	1263290	1286523	uc009uzm.2_cds	-	17	0,279,505,1550,1737,2284,2538,3068,3304,3812,6414,15606,16132,17019,19610,21031,23188,	77,131,154,118,182,145,145,161,99,86,136,100,156,130,48,61,45	1974	99	Ddx3y
chrY	1298968	1454265	uc009uzo.1_cds	-	44	0,4404,5317,5644,8711,8882,11541,14759,15594,16956,17494,20088,25890,33352,34645,37295,41023,42452,42803,51557,52893,53181,57170,57765,65692,68087,69059,82215,84347,85223,86301,92306,95000,96641,113449,133204,135334,135837,136290,143416,145534,147861,149882,155201,	129,96,213,157,89,221,186,130,238,124,748,142,174,191,221,223,147,147,109,170,126,126,279,131,121,153,241,215,96,343,88,134,137,207,105,153,136,252,116,219,113,80,146,96	7668	383	Usp9y
chrY	2106301	2133445	uc009uzp.1_cds	-	7	0,2189,3587,9833,10761,14977,27083,	1163,141,123,141,150,552,61	2331	117	Zfy2
chrY	2599098	2599431	uc012hru.1_cds	+	1	0,	333	333	17	Gm16501
chrY	2662473	2663658	uc012hrv.1_cds	-	1	0,	1185	1185	59	Sry
chrY	2720341	2720674	uc012hrw.1_cds	-	1	0,	333	333	17	Gm16501
chrY	2785528	2793153	uc012hrx.1_cds	-	8	0,495,1548,2996,3903,5675,6962,7516,	314,89,81,109,153,178,107,109	1140	57	Gm4064
chrY	2785528	2793153	uc029xor.1_cds	-	8	0,495,1548,2996,3903,5675,6962,7516,	314,89,81,109,153,178,107,109	1140	57	Gm4064
chrY	2833558	2841494	uc012hry.2_cds	+	8	0,556,1772,3569,4520,5996,7352,7622,	109,107,178,153,109,81,89,314	1140	57	Rbmy
chrY	2833558	2841494	uc009uzq.2_cds	+	8	0,556,1772,3569,4520,5996,7352,7622,	109,107,178,153,109,81,89,314	1140	57	Rbmy
chrY	2865209	2873132	uc009uzs.1_cds	+	8	0,556,1772,3569,4517,5993,7339,7609,	109,107,178,153,109,81,89,314	1140	57	Gm10352
chrY	2865209	2873132	uc009uzr.2_cds	+	8	0,556,1772,3569,4517,5993,7339,7609,	109,107,178,153,109,81,89,314	1140	57	Gm10352
chrY	2904132	2911846	uc009uzt.2_cds	+	8	0,556,1774,3571,4521,5997,7130,7400,	109,107,178,153,109,81,89,314	1140	57	Gm21704
chrY	2904132	2911846	uc012hrz.1_cds	+	8	0,556,1774,3571,4521,5997,7130,7400,	109,107,178,153,109,81,89,314	1140	57	Rbmy
chrY	3295335	3303466	uc029xot.1_cds	-	8	0,495,2042,3491,4409,6181,7468,8022,	314,89,81,109,153,178,107,109	1140	57	Gm21708
chrY	3295335	3303466	uc029xos.1_cds	-	8	0,495,2042,3491,4409,6181,7468,8022,	314,89,81,109,153,178,107,109	1140	57	Rbmy
chrY	3327109	3335010	uc029xou.2_cds	-	8	0,495,1818,3267,4178,5950,7238,7792,	314,89,81,109,153,178,107,109	1140	57	Gm21693
chrY	3327109	3335010	uc033jvq.1_cds	-	8	0,495,1818,3267,4178,5950,7238,7792,	314,89,81,109,153,178,107,109	1140	57	Gm21693
chrY	3367506	3375428	uc033jvr.1_cds	-	8	0,495,1834,3282,4200,5972,7259,7813,	314,89,81,109,153,178,107,109	1140	57	Gm21677
chrY	3367506	3375428	uc029xov.2_cds	-	8	0,495,1834,3282,4200,5972,7259,7813,	314,89,81,109,153,178,107,109	1140	57	Gm21677
chrY	3399547	3407067	uc029xow.1_cds	-	8	0,495,1436,2884,3796,5568,6857,7411,	314,89,81,109,153,178,107,109	1140	57	Rbmy
chrY	3399547	3407067	uc029xox.1_cds	-	8	0,495,1436,2884,3796,5568,6857,7411,	314,89,81,109,153,178,107,109	1140	57	Gm21708
chrY	3774804	3782907	uc029xoy.1_cds	+	8	0,556,1776,3573,4531,6008,7519,7789,	109,107,178,153,109,81,89,314	1140	57	Rbmy
chrY	3774804	3782907	uc012hsd.2_cds	+	8	0,556,1776,3573,4531,6008,7519,7789,	109,107,178,153,109,81,89,314	1140	57	Gm21708
chrY	4342543	4372155	uc029xpp.1_cds	+	7	0,11201,11807,19376,20082,29315,29528,	109,67,35,67,35,128,84	525	26	FJ541121
chrY	7167096	7167777	uc012hsn.2_cds	-	1	0,	681	681	34	Gm20826
chrY	8832958	8833639	uc012hti.1_cds	-	1	0,	681	681	34	Gm20815
chrY	11197164	11197848	uc012hsi.1_cds	-	1	0,	684	684	34	Gm20822
chrY	12383183	12383864	uc012hsk.1_cds	+	1	0,	681	681	34	Gm20877
chrY	12688136	12689831	uc012hsj.1_cds	+	1	0,	1695	1695	85	Rbm31y
chrY	13254008	13254704	uc029xrz.1_cds	+	1	0,	696	696	35	Gm20831
chrY	13377979	13378675	uc029xsa.1_cds	+	1	0,	696	696	35	Ssty1
chrY	15882561	15883245	uc012hsg.1_cds	-	1	0,	684	684	34	Gm20822
chrY	17095073	17095754	uc029xsc.1_cds	+	1	0,	681	681	34	Gm20877
chrY	17400787	17402482	uc029xsd.1_cds	+	1	0,	1695	1695	85	Rbm31y
chrY	17966777	17967473	uc009vfw.1_cds	+	1	0,	696	696	35	Gm20831
chrY	18090733	18091429	uc009vif.2_cds	+	1	0,	696	696	35	Ssty1
chrY	20967675	20992230	uc029xsl.1_cds	-	7	0,386,2529,3389,18340,19037,24446,	27,99,100,118,35,67,109	555	28	Gm20736
chrY	21166082	21166763	uc029xsm.1_cds	+	1	0,	681	681	34	Gm20747
chrY	21243091	21243772	uc029xsn.1_cds	+	1	0,	681	681	34	Gm20865
chrY	22513859	22514540	uc029xso.1_cds	+	1	0,	681	681	34	Ssty2
chrY	22835284	22859825	uc029xsq.1_cds	-	9	0,386,2519,3389,10655,11269,18357,19035,24432,	27,99,100,118,35,67,35,67,109	657	33	Gm20736
chrY	22835284	22859834	uc029xsp.1_cds	-	7	0,386,2519,3389,18357,19035,24432,	27,99,100,118,35,67,118	564	28	Gm20736
chrY	23031234	23031915	uc029xsr.1_cds	+	1	0,	681	681	34	Gm20917
chrY	23943342	23944023	uc029xss.1_cds	+	2	0,237,	234,444	678	34	Gm20809
chrY	24456581	24457262	uc029xsu.1_cds	+	1	0,	681	681	34	Gm20809
chrY	24969605	24970286	uc029xsw.1_cds	+	1	0,	681	681	34	Gm20809
chrY	25482700	25483381	uc029xsy.1_cds	+	1	0,	681	681	34	Gm20809
chrY	25995820	25996501	uc029xta.1_cds	+	1	0,	681	681	34	Gm20809
chrY	26947543	26948224	uc029xtc.1_cds	+	1	0,	681	681	34	Gm20806
chrY	27692627	27693308	uc029xtd.1_cds	+	1	0,	681	681	34	Gm20806
chrY	28245550	28270080	uc029xte.1_cds	-	7	0,386,2523,3389,18372,19024,24421,	27,99,100,118,35,67,109	555	28	Gm20736
chrY	29628691	29683370	uc029xtf.1_cds	-	7	0,24661,26772,27625,42564,43147,54570,	42,99,100,118,35,67,109	570	28	Gm20837 
chrY	29628691	29671274	uc029xti.1_cds	-	7	0,24661,26772,27625,34882,35478,42564,	42,99,100,118,35,67,19	480	24	Gm21739 
chrY	30499165	30523155	uc029xub.1_cds	+	6	0,5420,6062,20925,21787,23909,	109,67,35,118,100,81	510	26	Gm20871
chrY	30682567	30725064	uc029xuf.1_cds	-	7	0,24557,26670,27522,34779,35377,42478,	42,99,100,118,35,67,19	480	24	1700040F15Rik 
chrY	30682567	30737131	uc029xuc.1_cds	-	7	0,24557,26670,27522,42478,43063,54455,	42,99,100,118,35,67,109	570	28	Gm20837 
chrY	31373425	31397416	uc029xuy.1_cds	+	6	0,5417,6057,20911,21787,23910,	109,67,35,118,100,81	510	26	Sly 
chrY	31578795	31621254	uc029xvc.1_cds	-	7	0,24519,26634,27485,34741,35340,42440,	42,99,100,118,35,67,19	480	24	1700040F15Rik 
chrY	31578795	31633324	uc029xuz.1_cds	-	7	0,24519,26634,27485,42440,43025,54420,	42,99,100,118,35,67,109	570	28	Gm20837 
chrY	32564282	32606932	uc029xvx.1_cds	-	7	0,24719,26833,27684,34940,35537,42631,	42,99,100,118,35,67,19	480	24	Gm21739 
chrY	32564282	32619011	uc029xvv.1_cds	-	7	0,24719,26833,27684,42631,43226,54620,	42,99,100,118,35,67,109	570	28	Gm20837 
chrY	33487016	33541736	uc029xwr.1_cds	-	7	0,24691,26800,27653,42600,43199,54611,	42,99,100,118,35,67,109	570	28	Gm20837 
chrY	33487016	33529635	uc029xwt.1_cds	-	7	0,24691,26800,27653,34911,35508,42600,	42,99,100,118,35,67,19	480	24	Gm21739 
chrY	35105883	35130404	uc029xxo.1_cds	-	9	0,386,2524,3374,10640,11252,18342,19010,24412,	27,99,100,118,35,67,35,67,109	657	33	Gm20736
chrY	35644172	35644853	uc029xxq.1_cds	+	1	0,	681	681	34	Gm20809
chrY	36410762	36733868	uc029xxp.1_cds	-	7	0,386,301067,301950,316934,317592,322988,	27,99,100,118,35,67,118	564	28	Gm20736
chrY	37233618	37258172	uc029xxr.1_cds	-	7	0,386,2533,3414,18391,19049,24445,	27,99,100,118,35,67,109	555	28	Gm20736
chrY	37682019	37706612	uc029xxs.1_cds	-	7	0,386,2541,3410,18386,19089,24484,	27,99,100,118,35,67,109	555	28	Gm20736
chrY	37959326	37960007	uc029xxt.1_cds	+	1	0,	681	681	34	Gm20823
chrY	38775335	38799352	uc029xxu.1_cds	-	6	0,2112,2968,17902,18536,23908,	81,100,118,35,67,109	510	26	Sly 
chrY	42533946	42568599	uc029xxw.1_cds	-	7	0,16729,18845,19686,26931,27533,34634,	42,99,100,118,35,67,19	480	24	FJ541095
chrY	44209135	44250811	uc029xyh.1_cds	-	7	0,23581,25685,26534,33980,34576,41657,	42,99,100,118,35,67,19	480	24	Gm21739 
chrY	44209135	44263016	uc029xyf.1_cds	-	7	0,23581,25685,26534,41657,42296,53772,	42,99,100,118,35,67,109	570	28	Gm20837 
chrY	47452393	47507023	uc029xzz.1_cds	+	7	0,11431,12048,26923,27792,29905,54588,	109,67,35,118,100,99,42	570	28	Gm20837 
chrY	47464457	47507023	uc029xzu.1_cds	+	7	0,7053,7681,14859,15728,17841,42524,	19,67,35,118,100,99,42	480	24	Gm21739 
chrY	47667105	47691098	uc029yab.1_cds	-	6	0,2103,2948,17893,18509,23884,	81,100,118,35,67,109	510	26	Sly 
chrY	48313285	48367960	uc029yaz.1_cds	+	7	0,11437,12054,26913,27781,29895,54633,	109,67,35,118,100,99,42	570	28	Gm20837 
chrY	48325355	48367960	uc029yau.1_cds	+	7	0,7049,7675,14843,15711,17825,42563,	19,67,35,118,100,99,42	480	24	Gm21739 
chrY	49318072	49318753	uc029yba.1_cds	-	1	0,	681	681	34	Gm20816
chrY	49842929	49843610	uc029ybb.1_cds	-	1	0,	681	681	34	Gm20823
chrY	50435178	50435859	uc029ybc.1_cds	-	1	0,	681	681	34	Gm20806
chrY	50609683	50634263	uc009vfz.1_cds	+	7	0,5443,6184,21069,21965,24095,24553,	109,67,35,118,100,99,27	555	28	Gm20736
chrY	50880178	50880859	uc009vhv.1_cds	-	1	0,	681	681	34	Gm20867
chrY	51680542	51681223	uc029ybd.1_cds	-	1	0,	681	681	34	Gm20806
chrY	52607640	52608321	uc029ybf.1_cds	-	1	0,	681	681	34	Gm20823
chrY	52781461	52806055	uc009vgb.1_cds	+	7	0,5446,6190,21069,21967,24109,24567,	118,67,35,118,100,99,27	564	28	Gm20736
chrY	53341573	53342254	uc029ybg.1_cds	-	1	0,	681	681	34	Gm20865
chrY	53416094	53416775	uc029ybh.1_cds	-	1	0,	681	681	34	Gm20747
chrY	53845367	53869951	uc009vhb.1_cds	+	7	0,5448,6180,21061,21970,24099,24557,	118,67,35,118,100,99,27	564	28	Gm20736
chrY	53845376	53869951	uc009vhc.1_cds	+	9	0,5439,6171,13211,13855,21052,21961,24090,24548,	109,67,35,67,35,118,100,99,27	657	33	Gm20736
chrY	54185989	54186670	uc012hsp.1_cds	-	1	0,	681	681	34	LOC100040786
chrY	55215143	55239673	uc009vha.1_cds	+	9	0,5448,6168,13193,13836,21039,21916,24045,24503,	118,67,35,67,35,118,100,99,27	666	33	Sly
chrY	55557662	55558343	uc009vgz.1_cds	-	1	0,	681	681	34	Gm21943
chrY	55733187	55757709	uc029ybj.1_cds	+	7	0,5440,6135,21043,21902,24037,24495,	109,67,35,118,100,99,27	555	28	Gm20736
chrY	56018237	56018918	uc029ybk.1_cds	-	1	0,	681	681	34	LOC100040786
chrY	57188630	57213164	uc029ybn.1_cds	+	9	0,5446,6160,13191,13834,21041,21920,24049,24507,	118,67,35,67,35,118,100,99,27	666	33	Sly
chrY	57531558	57532239	uc029ybo.1_cds	-	1	0,	681	681	34	Gm21943
chrY	58574463	58598440	uc029ybp.1_cds	+	6	0,5418,6060,20911,21774,23896,	109,67,35,118,100,81	510	26	Sly 
chrY	58758473	58801091	uc029ybs.1_cds	-	7	0,24685,26800,27652,34916,35514,42599,	42,99,100,118,35,67,19	480	24	Gm21739 
chrY	58758473	58813165	uc029ybq.1_cds	-	7	0,24685,26800,27652,42599,43184,54583,	42,99,100,118,35,67,109	570	28	Gm20837 
chrY	60242634	60297370	uc029ydl.1_cds	+	7	0,11457,12078,26948,27816,29929,54694,	109,67,35,118,100,99,42	570	28	Gm20837 
chrY	60254728	60297370	uc029ydg.1_cds	+	7	0,7066,7694,14854,15722,17835,42600,	19,67,35,118,100,99,42	480	24	Gm21739 
chrY	60457487	60481481	uc029ydm.1_cds	-	6	0,2103,2948,17894,18510,23885,	81,100,118,35,67,109	510	26	Sly 
chrY	61103677	61158344	uc029yek.1_cds	+	7	0,11433,12050,26909,27777,29891,54625,	109,67,35,118,100,99,42	570	28	Gm20837 
chrY	61115743	61158344	uc029yef.1_cds	+	7	0,7049,7675,14843,15711,17825,42559,	19,67,35,118,100,99,42	480	24	Gm21739 
chrY	61945752	61946433	uc029yel.1_cds	-	1	0,	681	681	34	Gm20816
chrY	62462647	62463328	uc009vgt.2_cds	-	1	0,	681	681	34	Gm20823
chrY	63055191	63055872	uc029yem.1_cds	-	1	0,	681	681	34	Gm20806
chrY	63229859	63254450	uc029yen.1_cds	+	7	0,5443,6194,21080,21976,24106,24564,	109,67,35,118,100,99,27	555	28	Gm20736
chrY	63500917	63501598	uc029yeo.1_cds	-	1	0,	681	681	34	Gm20867
chrY	64301917	64784782	uc029yer.1_cds	-	3	0,29797,482490,	300,6,375	681	34	Gm20867
chrY	64301917	64784782	uc029yep.1_cds	-	2	0,482490,	306,375	681	34	Gm20823
chrY	64301917	64302598	uc029yeq.1_cds	-	1	0,	681	681	34	Gm20806
chrY	65205327	65206008	uc009vih.2_cds	-	1	0,	681	681	34	Gm20823
chrY	65379123	65403718	uc029yes.1_cds	+	7	0,5446,6192,21070,21968,24110,24568,	118,67,35,118,100,99,27	564	28	Gm20736
chrY	65939281	65939962	uc029yet.1_cds	-	1	0,	681	681	34	Gm20865
chrY	66739929	66740610	uc029yeu.1_cds	-	1	0,	681	681	34	LOC100040786
chrY	67045885	67046566	uc029yev.1_cds	-	1	0,	681	681	34	Ssty2
chrY	67339190	67339871	uc029yew.1_cds	-	1	0,	681	681	34	Gm20806
chrY	68539471	68540152	uc029yey.1_cds	+	1	0,	681	681	34	Gm20816
chrY	68806794	68831297	uc029yez.1_cds	-	7	0,386,2517,3387,18360,19001,24394,	27,99,100,118,35,67,109	555	28	Gm20736
chrY	69352609	69353290	uc029yfa.1_cds	+	1	0,	681	681	34	Ssty2
chrY	70196852	70197533	uc029yfc.1_cds	-	1	0,	681	681	34	Gm20816
chrY	70706148	70706829	uc029yfd.1_cds	-	1	0,	681	681	34	Gm20823
chrY	70959393	70984033	uc029yfe.1_cds	+	7	0,5446,6165,21117,22006,24155,24613,	109,67,35,118,100,99,27	555	28	Gm20736
chrY	71297968	71298649	uc029yff.1_cds	-	1	0,	681	681	34	Gm20806
chrY	71470875	71495432	uc029yfg.1_cds	+	7	0,5446,6160,21010,21933,24072,24530,	118,67,35,118,100,99,27	564	28	Gm20736
chrY	71470884	71495432	uc029yfh.1_cds	+	9	0,5437,6151,13177,13819,21001,21924,24063,24521,	109,67,35,67,35,118,100,99,27	657	33	Gm20736
chrY	71693475	71718028	uc029yfi.1_cds	+	7	0,5445,6157,21034,21936,24068,24526,	109,67,35,118,100,99,27	555	28	Gm20736
chrY	72382581	72383262	uc029yfk.1_cds	-	1	0,	681	681	34	Gm20823
chrY	72556270	72580864	uc029yfl.1_cds	+	7	0,5449,6189,21074,21964,24109,24567,	118,67,35,118,100,99,27	564	28	Gm20736
chrY	72556279	72580864	uc029yfm.1_cds	+	9	0,5440,6180,13218,13862,21065,21955,24100,24558,	109,67,35,67,35,118,100,99,27	657	33	Gm20736
chrY	72819649	72820330	uc029yfn.1_cds	-	1	0,	681	681	34	Gm20809
chrY	73239223	73239904	uc029yfo.1_cds	-	1	0,	681	681	34	Gm20865
chrY	73313831	73314512	uc029yfp.1_cds	-	1	0,	681	681	34	Gm20747
chrY	73535549	73536230	uc029yfq.1_cds	-	1	0,	681	681	34	Gm21943
chrY	73670733	73695287	uc029yfr.1_cds	+	7	0,5453,6175,21046,21930,24069,24527,	118,67,35,118,100,99,27	564	28	Gm20736
chrY	73670742	73695287	uc029yfs.1_cds	+	9	0,5444,6166,13212,13855,21037,21921,24060,24518,	109,67,35,67,35,118,100,99,27	657	33	Gm20736
chrY	75197281	75221860	uc009vhe.1_cds	+	9	0,5475,6175,13234,13874,21060,21961,24094,24552,	118,67,35,67,35,118,100,99,27	666	33	Sly
chrY	75716745	75741349	uc029yft.1_cds	+	7	0,5460,6182,21095,21980,24119,24577,	118,67,35,118,100,99,27	564	28	Gm20736
chrY	75716754	75741349	uc029yfu.1_cds	+	9	0,5451,6173,13215,13863,21086,21971,24110,24568,	109,67,35,67,35,118,100,99,27	657	33	Gm20736
chrY	76763030	76787530	uc029yfv.1_cds	+	7	0,5438,6113,20996,21882,24015,24473,	109,67,35,118,100,99,27	555	28	Gm20736
chrY	77074047	77074728	uc029yfw.1_cds	-	1	0,	681	681	34	Gm20816
chrY	77961009	77961690	uc029yfy.1_cds	-	1	0,	681	681	34	Gm20816
chrY	78835862	78836543	uc029yga.1_cds	-	1	0,	681	681	34	Gm20806
chrY	79148930	79149611	uc029ygb.1_cds	-	1	0,	681	681	34	Gm20917
chrY	79320987	79345508	uc029ygc.1_cds	+	7	0,5448,6138,21018,21900,24036,24494,	118,67,35,118,100,99,27	564	28	Gm20736
chrY	79320996	79345508	uc029ygd.1_cds	+	9	0,5439,6129,13166,13813,21009,21891,24027,24485,	109,67,35,67,35,118,100,99,27	657	33	Gm20736
chrY	79664889	79665570	uc029yge.1_cds	-	1	0,	681	681	34	Ssty2
chrY	79958400	79959081	uc029ygg.1_cds	-	1	0,	681	681	34	Gm20806
chrY	80463248	80463929	uc029ygh.1_cds	-	1	0,	681	681	34	Ssty2
chrY	80756353	80757034	uc012hsv.1_cds	-	1	0,	681	681	34	Gm20806
chrY	81799286	81799967	uc029ygi.1_cds	-	1	0,	681	681	34	Gm20747
chrY	82226648	82251220	uc029ygj.1_cds	+	7	0,5449,6193,21073,21952,24087,24545,	118,67,35,118,100,99,27	564	28	Gm20736
chrY	82226657	82251220	uc029ygk.1_cds	+	9	0,5440,6184,13238,13878,21064,21943,24078,24536,	109,67,35,67,35,118,100,99,27	657	33	Gm20736
chrY	84098710	84123295	uc029ygm.1_cds	+	9	0,5445,6155,13212,13859,21054,21968,24100,24558,	109,67,35,67,35,118,100,99,27	657	33	Sly
chrY	85528662	85529343	uc012hsq.2_cds	-	1	0,	681	681	34	Gm20854
chrY	87118254	87142717	uc029ygn.1_cds	+	9	0,5434,6067,13124,13769,20959,21834,23978,24436,	109,67,35,67,35,118,100,99,27	657	33	Sly
chrY	87552401	87575492	uc009vic.1_cds	+	7	0,5437,6155,21097,21982,22606,23064,	109,67,35,118,100,99,27	555	28	Gm20736
chrY	88054746	88079294	uc029ygp.1_cds	+	7	0,5444,6133,21039,21914,24063,24521,	109,67,35,118,100,99,27	555	28	Gm20736
chrY	89700334	89731955	uc029ygr.1_cds	-	7	0,13681,15789,16641,23899,24499,31602,	42,99,100,118,35,67,19	480	24	LOC102633761 
chrY	90499656	90530197	uc029ygu.1_cds	-	6	0,2107,2963,24446,25058,30432,	81,100,118,35,67,109	510	26	Sly 
chrY	90785557	90816460	uc029yhe.1_cds	+	3	0,7767,30791,	422,93,112	627	31	Erdr1
chrY	90785670	90816436	uc029yhd.1_cds	+	4	0,189,7625,30678,	189,120,122,88	519	26	Erdr1
chrY	90785670	90816460	uc029yhc.1_cds	+	3	0,7625,30678,	309,122,112	543	27	Erdr1
